%YAML:1.0
---
camera_matrix: !!opencv-matrix
   rows: 3
   cols: 3
   dt: d
   data: [ 3922.9280643270613, 0., 2568.7110138020339, 0.,
       3922.9280643270613, 1934.2604202665038, 0., 0., 1. ]
dist_coeffs: !!opencv-matrix
   rows: 5
   cols: 1
   dt: d
   data: [ 0.13372160167892466, -0.63224786762948926,
       -0.00047333240406584586, -0.00067976568003012621,
       0.61161514196200395 ]
